# Filename			 ID      g-mag  Conf   zspec   RA           Dec      S/N_lowz S/N_hiz
  cl2016comb_zsp2.3_00871_F.fits 00871   24.33   4.0   2.301  150.08844    2.24847     3.6    -9.0
  cl2016comb_zsp2.6_00923_F.fits 00923   24.88   4.0   2.621  150.06790    2.15819     1.4     1.5
  cl2016comb_zsp2.5_00941_F.fits 00941   24.35   3.0   2.450  150.03569    2.28960     2.4     2.4
  cl2016comb_zsp2.7_00954_F.fits 00954   24.32   4.0   2.660  150.02919    2.25323     4.8     5.1
  cl2016comb_zsp2.6_00966_F.fits 00966   24.60   3.0   2.558  150.03355    2.23549     1.9     1.9
  cl2016comb_zsp2.4_00979_F.fits 00979   24.42   0.0   0.000  150.03796    2.21693    -9.0    -9.0
  cl2016comb_zsp2.4_01012_F.fits 01012   24.68   2.0   2.516  150.05318    2.15130    -9.0    -9.0
  cl2016comb_zsp2.6_01016_F.fits 01016   24.65   4.0   2.624  150.02277    2.14595     3.0     3.5
  cl2016comb_zsp2.4_01265_F.fits 01265   23.08  14.0   2.450  150.06456    2.32903     7.6     0.0
  cl2016comb_zsp2.4_01321_F.fits 01321   24.48   2.0   2.384  150.02322    2.37721    -9.0    -9.0
  cl2016comb_zsp2.7_01349_F.fits 01349   25.18   4.0   2.675  150.02310    2.31791     1.8     2.1
  cl2016comb_zsp2.5_01584_F.fits 01584   24.29   4.0   2.447  150.02586    2.47677     1.6     3.1
  cl2016comb_zsp2.6_01865_F.fits 01865   24.69   4.0   2.647  150.10110    2.24173     2.5     2.8
  cl2016comb_zph2.5_12522_F.fits 12522   24.62   0.0   0.000  150.07216    2.26849    -9.0    -9.0
  cl2016comb_zph2.5_12541_F.fits 12541   24.53   3.0   2.438  150.10332    2.25850     3.3     4.2
  cl2016comb_zph2.4_12654_F.fits 12654   24.76   0.0   0.000  150.06963    2.19355    -9.0    -9.0
  cl2016comb_zph2.6_12722_F.fits 12722   25.07   3.0   2.416  150.09888    2.16134     1.3     1.6
  cl2016comb_zph2.3_12799_F.fits 12799   24.90   2.0   2.910  150.05951    2.28002    -9.0    -9.0
  cl2016comb_zph2.3_12836_F.fits 12836   23.95   3.0   2.284  150.04671    2.25102     2.6    -9.0
  cl2016comb_zsp2.4_12913_F.fits 12913   24.75   3.0   2.418  150.03506    2.20399     1.9     2.0
  cl2016comb_zsp2.4_12960_F.fits 12960   24.38   3.0   2.431  150.03925    2.17864     1.8     2.0
  cl2016comb_zph2.6_15035_F.fits 15035   24.57   3.0   2.479  150.09714    2.45167     1.7     1.8
  cl2016comb_zph2.4_15059_F.fits 15059   24.16   4.0   2.506  150.16531    2.42249     5.2     5.0
  cl2016comb_zsp2.5_15140_F.fits 15140   24.39   4.0   2.457  150.11200    2.37263     3.8     3.7
  cl2016comb_zph2.3_15171_F.fits 15171   23.64   3.0   2.273  150.09419    2.34853     4.5    -9.0
  cl2016comb_zph2.6_15218_F.fits 15218   24.26   4.0   2.613  150.17313    2.32540     3.3     3.7
  cl2016comb_zph2.8_15295_F.fits 15295   25.09   1.0   3.030  150.02417    2.44791    -9.0    -9.0
  cl2016comb_zsp2.6_15363_F.fits 15363   24.85   3.0   2.545  149.98645    2.37884     2.4     2.4
  cl2016comb_zsp2.4_15373_F.fits 15373   24.79   3.0   2.420  150.00044    2.37243     1.7     1.8
  cl2016comb_zph2.7_15399_F.fits 15399   22.24  14.0   2.689  150.02010    2.35363    14.9    16.4
  cl2016comb_zph2.4_15473_F.fits 15473   24.72   3.0   2.440  150.04306    2.31694     1.3     1.5
  cl2016comb_zph2.6_17728_F.fits 17728   24.19   4.0   2.490  150.10600    2.49014     2.6     3.3
  cl2016comb_zph2.4_26295_F.fits 26295   23.43   1.0   0.014  150.09500    2.45592    -9.0    -9.0
        pc06_zph2.2_01910_F.fits 01910   24.38   2.0   2.087  150.21675    2.36974    -9.0    -9.0
        pc06_zph2.2_12788_F.fits 12788   24.35   1.0   2.100  150.02629    2.28596    -9.0    -9.0
        pc06_zph2.2_15250_F.fits 15250   24.44   1.0   2.070  150.07732    2.30478    -9.0    -9.0
        pc06_zph2.2_15382_F.fits 15382   24.22   2.0   2.190  150.03691    2.36627    -9.0    -9.0
        pc06_zph2.2_15464_F.fits 15464   23.45   3.0   1.838  150.03119    2.32496    -9.0    -9.0
        pc06_zph2.3_15138_F.fits 15138   24.49   0.0   1.500  150.08397    2.37290    -9.0    -9.0
        pc06_zph2.3_15159_F.fits 15159   23.79   4.0   2.466  150.09453    2.35827     2.0     2.3
        pc06_zsp2.1_01269_F.fits 01269   24.54   3.0   2.093  150.06941    2.32126    -9.0    -9.0
        pc06_zsp2.1_01277_F.fits 01277   24.19   2.0   2.101  150.06255    2.30233    -9.0    -9.0
        pc06_zsp2.4_00852_F.fits 00852   24.50   4.0   2.377  150.06163    2.28314     2.2    -9.0
       cpilot06_lae_17753_F.fits 17753   25.25   3.0   3.421  150.06633    2.47775    -9.0    -9.0
    cpilot06_zph2.3_15381_F.fits 15381   25.21   0.0   2.310  150.03658    2.36651    -9.0    -9.0
    cpilot06_zph2.3_15429_F.fits 15429   25.00   0.0   2.270  150.03630    2.34166    -9.0    -9.0
    cpilot06_zph2.4_12492_F.fits 12492   24.66   1.0   2.250  150.09560    2.28687    -9.0    -9.0
    cpilot06_zph2.4_15242_F.fits 15242   24.40   0.0   2.440  150.08969    2.31274    -9.0    -9.0
    cpilot06_zph2.6_15251_F.fits 15251   25.25   1.0   2.130  150.07707    2.30317    -9.0    -9.0
    cpilot06_zph2.7_12810_F.fits 12810   24.92   1.0   2.460  150.03058    2.27166    -9.0    -9.0
    cpilot06_zph2.8_12508_F.fits 12508   25.18   0.0   2.800  150.06639    2.27713    -9.0    -9.0
    cpilot06_zph2.9_15454_F.fits 15454   25.03   0.0   2.700  150.03012    2.32967    -9.0    -9.0
    cpilot06_zsp2.2_01267_F.fits 01267   24.78   3.0   2.218  150.06664    2.32434     1.5    -9.0
    cpilot06_zsp2.7_00857_F.fits 00857   24.69   3.0   2.650  150.09343    2.27371     2.4     2.0
    cpilot06_zsp2.7_01260_F.fits 01260   24.55   3.0   2.679  150.07938    2.34060     1.2     1.4
    cpilot06_zsp2.7_01276_F.fits 01276   24.77   3.0   2.679  150.07980    2.30685     1.7     1.7
    cpilot06_zsp2.7_01324_F.fits 01324   24.82   3.0   2.730  150.03629    2.37356     1.3     1.4
    cpilot06_zsp2.9_00865_F.fits 00865   23.75  14.0   2.946  150.07600    2.26429    -9.0     1.8
    cpilot05_zph2.3_12714_F.fits 12714   24.31   2.0   2.260  150.08270    2.16487    -9.0    -9.0
    cpilot05_zph2.4_12584_F.fits 12584   24.01   4.0   2.175  150.07903    2.23947    -9.0    -9.0
    cpilot05_zph2.5_12980_F.fits 12980   25.16   0.0   2.500  150.02275    2.17166    -9.0    -9.0
    cpilot05_zph2.6_13024_F.fits 13024   24.98   2.0   2.582  150.05432    2.13679    -9.0    -9.0
    cpilot05_zph2.7_12898_F.fits 12898   24.97   2.0   2.710  150.03082    2.21256    -9.0    -9.0
    cpilot05_zph2.9_12600_F.fits 12600   24.21   2.0   2.928  150.07822    2.22956    -9.0    -9.0
    cpilot05_zph2.9_12606_F.fits 12606   25.19   1.0   3.420  150.08659    2.22673    -9.0    -9.0
    cpilot05_zph2.9_12619_F.fits 12619   23.73   3.0   3.032  150.08093    2.22006    -9.0     4.0
    cpilot05_zsp2.2_00971_F.fits 00971   24.55   0.0   2.100  150.02876    2.23276    -9.0    -9.0
    cpilot05_zsp2.4_01003_F.fits 01003   24.93   1.0   2.290  150.05382    2.18500    -9.0    -9.0
    cpilot05_zsp2.5_00959_F.fits 00959   20.12  13.0   2.670  150.03719    2.24462    41.5    48.5
    cpilot05_zsp2.7_00994_F.fits 00994   23.43  14.0   2.709  150.04597    2.20114    10.4    10.3
    cpilot02_zph2.2_12879_F.fits 12879   24.55   2.0   2.170  150.02461    2.21920    -9.0    -9.0
    cpilot02_zph2.3_13011_F.fits 13011   24.53   0.0   0.000  150.00719    2.14518    -9.0    -9.0
    cpilot02_zph2.5_12826_F.fits 12826   24.33   3.0   2.525  150.00772    2.24664     1.6     1.7
    cpilot02_zph2.5_12915_F.fits 12915   25.10   1.0   2.530  149.98874    2.20287    -9.0    -9.0
    cpilot02_zph2.5_12988_F.fits 12988   24.28   2.0   2.420  149.98288    2.16570    -9.0    -9.0
    cpilot02_zph2.5_13002_F.fits 13002   22.64   4.0   0.000  149.97194    2.15342    -9.0    -9.0
    cpilot02_zph2.5_13010_F.fits 13010   24.76   2.0   2.423  149.95393    2.14260    -9.0    -9.0
    cpilot02_zph2.8_12944_F.fits 12944   25.27   2.0   1.600  150.02998    2.18835    -9.0    -9.0
    cpilot02_zph2.8_12949_F.fits 12949   25.25   0.0   0.000  149.98083    2.18183    -9.0    -9.0
    cpilot02_zsp2.3_00962_F.fits 00962   24.36   4.0   2.267  150.00296    2.24145     2.1    -9.0
    cpilot02_zsp2.3_00977_F.fits 00977   24.38   0.0   0.000  149.96729    2.22683    -9.0    -9.0
    cpilot02_zsp2.3_01013_F.fits 01013   24.83   1.0   2.297  149.96033    2.15784    -9.0    -9.0
    cpilot02_zsp2.4_00965_F.fits 00965   24.40   3.0   2.442  149.99504    2.23980     1.6     1.8
    cpilot02_zsp2.4_00974_F.fits 00974   24.25   4.0   2.421  149.95604    2.23013     1.7     1.7
    cpilot02_zsp2.4_01018_F.fits 01018   24.70   2.0   2.429  149.97224    2.14488    -9.0    -9.0
    cpilot02_zsp2.4_01882_F.fits 01882   24.55   1.0   2.450  149.99516    2.23734    -9.0    -9.0
    cpilot02_zsp2.5_00990_F.fits 00990   24.35   3.0   2.458  149.98834    2.20705     1.3     1.5
    cpilot02_zsp2.5_01026_F.fits 01026   24.66   0.0   0.000  149.99985    2.13501    -9.0    -9.0
    cpilot02_zsp2.6_00986_F.fits 00986   24.57   4.0   2.556  149.99481    2.21234     1.5     1.6
    cpilot02_zsp2.6_00989_F.fits 00989   25.25   1.0   2.550  149.98679    2.20937    -9.0    -9.0
    cpilot02_zsp2.6_01009_F.fits 01009   24.43   4.0   2.623  150.01360    2.16877     1.9     2.1
    cpilot02_zsp2.7_00968_F.fits 00968   24.70   2.0   2.710  149.96432    2.23706    -9.0    -9.0
    cpilot02_zsp2.7_00982_F.fits 00982   24.68   3.0   2.658  150.02107    2.21256     1.4     1.6
    cpilot02_zsp2.8_01883_F.fits 01883   24.34   3.0   2.818  149.97958    2.23048     1.0     1.2
    cpilot02_zsp2.9_00958_F.fits 00958   24.20   4.0   2.894  150.03049    2.24853     3.3     3.3
       cpilot09_lae_10618_F.fits 10618   24.81   3.0   2.230  149.74208    2.06962     1.0    -9.0
       cpilot09_lae_11070_F.fits 11070   24.43   3.0   2.287  149.56433    1.97197     1.0    -9.0
       cpilot09_lae_13021_F.fits 13021   25.01   2.0   1.903  149.97202    2.13849    -9.0    -9.0
       cpilot09_lae_14880_F.fits 14880   24.79   3.0   2.063  150.27051    2.35793    -9.0    -9.0
       cpilot09_lae_18200_F.fits 18200   24.91   2.0   1.872  149.87375    2.46509    -9.0    -9.0
    cpilot09_zph2.2_01906_F.fits 01906   24.38   3.0   2.168  150.21675    2.36974    -9.0    -9.0
    cpilot09_zph2.4_01909_F.fits 01909   24.38   3.0   2.358  150.21675    2.36974     1.1    -9.0
    cpilot09_zph2.4_15168_F.fits 15168   24.48   0.0   0.000  150.15356    2.35770    -9.0    -9.0
    cpilot09_zph2.5_12535_F.fits 12535   24.74   1.0   2.570  150.14510    2.26271    -9.0    -9.0
    cpilot09_zph2.5_15182_F.fits 15182   24.74   3.0   2.513  150.12419    2.34884     1.6     1.5
    cpilot09_zph2.5_15268_F.fits 15268   24.63   3.0   2.505  150.15688    2.30079     2.1     2.0
    cpilot09_zph2.6_12505_F.fits 12505   24.38   4.0   2.408  150.21675    2.36974     2.9    -9.0
    cpilot09_zph2.6_12530_F.fits 12530   24.38   0.0   0.000  150.21675    2.36974    -9.0    -9.0
    cpilot09_zph2.6_15156_F.fits 15156   24.73   1.0   2.420  150.15025    2.36414    -9.0    -9.0
    cpilot09_zph2.6_15214_F.fits 15214   24.28   3.0   2.551  150.11501    2.32760     2.7     2.7
    cpilot09_zph2.7_15220_F.fits 15220   24.22   3.0   2.623  150.12335    2.32413     0.8     1.1
    cpilot09_zph2.8_15230_F.fits 15230   24.60   4.0   2.862  150.13387    2.31976     1.4     1.7
    cpilot09_zsp2.5_00856_F.fits 00856   24.75   3.0   2.504  150.16100    2.27590     3.0     2.7
    cpilot09_zsp2.5_01753_F.fits 01753   24.39   4.0   2.458  150.15979    2.37123     2.5     2.5
    cpilot09_zsp2.5_01754_F.fits 01754   23.98   4.0   2.452  150.14763    2.36719     3.7     3.6
    cpilot09_zsp2.6_01252_F.fits 01252   24.73   4.0   2.556  150.16002    2.35477     2.2     2.3
    cpilot09_zsp2.6_01262_F.fits 01262   24.52   4.0   2.552  150.11871    2.33762     2.7     2.6
    cpilot09_zsp2.7_00858_F.fits 00858   24.28   3.0   2.747  150.14117    2.27234     1.5     1.6
    cpilot09_zsp2.8_01283_F.fits 01283   24.86   3.0   2.806  150.11890    2.29898     1.2     1.3
    cpilot09_zsp2.9_00863_F.fits 00863   24.07   4.0   2.917  150.12247    2.26981    -9.0     1.9
        cpilot08_lae_7151_F.fits 07151   25.09   2.0   2.840  150.71179    1.86281    -9.0    -9.0
    cpilot08_zph2.2_12568_F.fits 12568   24.33   3.0   2.451  150.16913    2.23838     2.4     2.5
    cpilot08_zph2.2_12598_F.fits 12598   24.60   3.0   2.229  150.12146    2.23103     2.1    -9.0
    cpilot08_zph2.3_01886_F.fits 01886   24.38   4.0   2.305  150.21675    2.36974     1.6    -9.0
    cpilot08_zph2.3_12738_F.fits 12738   24.39   2.0   2.234  150.15083    2.14977    -9.0    -9.0
    cpilot08_zph2.5_12604_F.fits 12604   24.17   3.0   2.437  150.16510    2.22747     3.1     2.8
    cpilot08_zph2.5_12639_F.fits 12639   25.18   2.0   2.420  150.12251    2.21034    -9.0    -9.0
    cpilot08_zph3.0_12716_F.fits 12716   25.20   2.0   2.986  150.12213    2.16511    -9.0    -9.0
    cpilot08_zsp2.2_00885_F.fits 00885   24.21   3.0   2.225  150.11934    2.22412     1.5    -9.0
    cpilot08_zsp2.2_00904_F.fits 00904   24.59   1.0   2.050  150.10156    2.18919    -9.0    -9.0
    cpilot08_zsp2.2_00925_F.fits 00925   24.08   3.0   2.231  150.16074    2.15474     1.5    -9.0
    cpilot08_zsp2.3_00872_F.fits 00872   24.64   0.0   0.000  150.14267    2.24889    -9.0    -9.0
    cpilot08_zsp2.3_00892_F.fits 00892   23.65   4.0   2.324  150.10474    2.21573     5.5    -9.0
    cpilot08_zsp2.4_00877_F.fits 00877   24.17   3.0   2.432  150.12111    2.23542     3.6     3.3
    cpilot08_zsp2.4_00909_F.fits 00909   24.62   3.0   2.080  150.10237    2.17952    -9.0    -9.0
    cpilot08_zsp2.6_01870_F.fits 01870   24.08   2.0   2.613  150.12697    2.14764    -9.0    -9.0
    cpilot08_zsp2.7_00889_F.fits 00889   24.35   3.0   2.702  150.14442    2.21977     1.2     1.3
    cpilot08_zsp2.7_00903_F.fits 00903   24.71   4.0   2.688  150.12050    2.19230     2.3     2.0
    cpilot08_zsp2.7_00933_F.fits 00933   24.89   3.0   2.690  150.10455    2.13738     0.7     0.9
    cpilot08_zsp2.8_00922_F.fits 00922   24.00   4.0   2.828  150.11742    2.15873     2.5     2.7
    cpilot03_zph2.3_15449_F.fits 15449   23.53   4.0   2.090  149.97592    2.33116    -9.0    -9.0
    cpilot03_zph2.3_15488_F.fits 15488   24.58   2.0   2.165  149.98756    2.30862    -9.0    -9.0
    cpilot03_zph2.3_15506_F.fits 15506   23.55   4.0   2.097  149.97438    2.30179    -9.0    -9.0
    cpilot03_zph2.4_12806_F.fits 12806   25.23   0.0   0.000  149.95900    2.27376    -9.0    -9.0
    cpilot03_zph2.4_15492_F.fits 15492   23.82   3.0   2.555  149.95932    2.30758     2.0     2.2
    cpilot03_zph2.5_12818_F.fits 12818   24.78   0.0   0.000  150.01292    2.26287    -9.0    -9.0
    cpilot03_zph2.6_12812_F.fits 12812   24.29   2.0   2.420  150.01990    2.26976    -9.0    -9.0
    cpilot03_zph2.6_15280_F.fits 15280   24.72   2.0   3.050  150.00586    2.29505    -9.0    -9.0
    cpilot03_zph2.6_15426_F.fits 15426   24.29   2.0   2.640  149.99615    2.33984    -9.0    -9.0
    cpilot03_zph2.7_15447_F.fits 15447   24.07   2.0   2.860  150.00713    2.33233    -9.0    -9.0
    cpilot03_zph2.7_15456_F.fits 15456   25.01   3.0   2.860  150.01067    2.32952     0.8     0.9
    cpilot03_zph2.7_15483_F.fits 15483   25.23   3.0   3.005  149.97903    2.31297    -9.0     1.2
    cpilot03_zsp2.3_01330_F.fits 01330   23.75   3.0   2.256  149.99364    2.36083     5.3    -9.0
    cpilot03_zsp2.4_01878_F.fits 01878   24.48   2.0   2.445  149.94530    2.26423    -9.0    -9.0
    cpilot03_zsp2.5_01345_F.fits 01345   25.09   2.0   2.467  150.01180    2.32297    -9.0    -9.0
    cpilot03_zsp2.6_01352_F.fits 01352   24.44   3.0   2.624  150.01968    2.31087     3.2     2.4
    cpilot03_zsp2.7_00951_F.fits 00951   23.55  14.0   2.673  150.01820    2.25944     5.9     6.2
    cpilot03_zsp2.8_01333_F.fits 01333   24.34   3.0   2.828  149.95540    2.35886     1.1     1.2
    cpilot12_zph2.2_15154_F.fits 15154   24.95   0.0   0.000  150.17531    2.36543    -9.0    -9.0
    cpilot12_zph2.3_15184_F.fits 15184   24.68   0.0   0.000  150.16815    2.34838    -9.0    -9.0
    cpilot12_zph2.3_15232_F.fits 15232   24.82   0.0   0.000  150.20374    2.31838    -9.0    -9.0
    cpilot12_zph2.4_12496_F.fits 12496   24.42   1.0   2.000  150.22382    2.28542    -9.0    -9.0
    cpilot12_zph2.4_12543_F.fits 12543   25.17   0.0   0.000  150.22577    2.25156    -9.0    -9.0
    cpilot12_zph2.4_14888_F.fits 14888   24.45   2.0   2.278  150.24263    2.35848    -9.0    -9.0
    cpilot12_zph2.4_14925_F.fits 14925   24.01   4.0   2.456  150.23189    2.33713     4.5     4.2
    cpilot12_zph2.4_15146_F.fits 15146   24.95   3.0   2.520  150.22118    2.37094     1.5     1.5
    cpilot12_zph2.5_12503_F.fits 12503   25.00   0.0   0.000  150.19620    2.28222    -9.0    -9.0
    cpilot12_zph2.6_12247_F.fits 12247   24.68   2.0   2.525  150.24257    2.27782    -9.0    -9.0
    cpilot12_zph2.6_12517_F.fits 12517   24.87   2.0   2.150  150.21954    2.26918    -9.0    -9.0
    cpilot12_zph2.6_14947_F.fits 14947   24.15   3.0   2.505  150.23460    2.33237     3.7     3.6
    cpilot12_zph2.6_15161_F.fits 15161   24.95   1.0   2.500  150.22186    2.36248    -9.0    -9.0
    cpilot12_zph2.6_15173_F.fits 15173   24.04   3.0   2.507  150.22505    2.35619     1.6     1.7
    cpilot12_zph2.8_12509_F.fits 12509   24.32   4.0   2.802  150.17856    2.27531     1.6     1.7
    cpilot12_zph2.8_15175_F.fits 15175   24.76   3.0   2.863  150.17850    2.35356     3.4     3.1
    cpilot12_zph2.8_15190_F.fits 15190   24.72   2.0   2.810  150.19965    2.34544    -9.0    -9.0
    cpilot12_zph2.8_15247_F.fits 15247   24.27   3.0   2.870  150.17587    2.30976     4.0     3.6
    cpilot12_zsp2.5_00864_F.fits 00864   24.20   4.0   2.448  150.18446    2.26626     2.0     2.1
    cpilot12_zsp2.5_01268_F.fits 01268   24.47   4.0   2.460  150.21138    2.32292     1.3     1.4
    cpilot12_zsp2.5_01274_F.fits 01274   24.11   4.0   2.491  150.22343    2.30720     2.4     2.6
    cpilot12_zsp2.5_01678_F.fits 01678   24.38  14.0   2.484  150.22528    2.35120     2.3     4.6
    cpilot12_zsp2.6_01757_F.fits 01757   24.69   0.0   0.000  150.17931    2.32869    -9.0    -9.0
    cpilot12_zsp2.7_01272_F.fits 01272   24.55   4.0   2.738  150.19978    2.31550     1.4     1.7
    cpilot12_zsp2.8_01723_F.fits 01723   23.97   4.0   2.785  150.22133    2.28813     2.3     2.3
       npc05_zph2.2_26411_F.fits 26411   24.94   0.0   0.000  150.07680    2.21059    -9.0    -9.0
       npc05_zph2.3_12595_F.fits 12595   24.92   3.0   2.303  150.07341    2.23328     1.7    -9.0
       npc05_zph2.3_12701_F.fits 12701   23.90   4.0   2.486  150.07675    2.17348     2.9     3.0
       npc05_zph2.3_12713_F.fits 12713   24.43   2.0   2.156  150.06351    2.16658    -9.0    -9.0
       npc05_zph2.5_12653_F.fits 12653   24.82   2.0   2.300  150.06866    2.18897    -9.0    -9.0
       npc05_zsp2.3_00964_F.fits 00964   24.42   3.0   2.283  150.05905    2.24059     2.4    -9.0
       npc05_zsp2.4_01861_F.fits 01861   24.53   3.0   2.437  150.08061    2.24284     1.4     1.6
       npc05_zsp2.4_12612_F.fits 12612   24.89   3.0   2.439  150.07147    2.22387     0.8     0.9
       npc05_zsp2.8_01867_F.fits 01867   24.87   3.0   2.815  150.09262    2.16409     1.8     1.8
      c16_24_zph2.3_15045_F.fits 15045   25.21   1.0   1.940  150.17540    2.43512    -9.0    -9.0
      c16_24_zph2.3_15113_F.fits 15113   24.41   2.0   2.197  150.18134    2.38762    -9.0    -9.0
      c16_24_zph2.4_15103_F.fits 15103   24.48   1.0   2.645  150.22504    2.39841    -9.0    -9.0
      c16_24_zph2.4_15121_F.fits 15121   24.80   2.0   2.373  150.21660    2.37826    -9.0    -9.0
      c16_24_zph2.4_17747_F.fits 17747   24.21   3.0   0.368  150.17639    2.47854    -9.0    -9.0
      c16_24_zph2.6_15065_F.fits 15065   24.92   2.0   3.030  150.20331    2.41925    -9.0    -9.0
      c16_24_zph2.6_17723_F.fits 17723   23.87   4.0   2.645  150.21797    2.49178     2.2     2.2
      c16_24_zph2.6_26496_F.fits 26496   24.85   3.0   2.508  150.22661    2.37556     1.0     1.0
      c16_24_zph2.6_26501_F.fits 26501   24.38   0.0   0.000  150.21675    2.36974    -9.0    -9.0
      c16_24_zph2.7_14728_F.fits 14728   25.11   0.0   0.000  150.24400    2.45145    -9.0    -9.0
      c16_24_zph2.7_15070_F.fits 15070   24.07   4.0   2.828  150.22562    2.41798     3.8     3.6
      c16_24_zph2.7_17497_F.fits 17497   25.10   2.0   2.660  150.22946    2.47711    -9.0    -9.0
      c16_24_zph2.8_14797_F.fits 14797   24.45   4.0   2.817  150.23259    2.38661     2.5     2.3
      c16_24_zph2.8_15039_F.fits 15039   24.79  12.0   1.100  150.21669    2.44589    -9.0    -9.0
      c16_24_zph2.8_15124_F.fits 15124   25.26   3.0   2.682  150.19174    2.37985     0.6     0.6
      c16_24_zph2.9_14793_F.fits 14793   24.91   3.0   2.790  150.24431    2.40765     1.6     1.6
      c16_24_zsp2.3_01547_F.fits 01547   25.05   3.0   2.640  150.20857    2.46274     0.9     1.0
      c16_24_zsp2.5_01544_F.fits 01544   24.78   0.0   0.000  150.21091    2.47198    -9.0    -9.0
      c16_24_zsp2.5_01778_F.fits 01778   24.79   1.0   2.490  150.19771    2.48577    -9.0    -9.0
      c16_24_zsp2.6_01219_F.fits 01219   24.70   3.0   2.580  150.20456    2.45545     1.4     1.6
      c16_24_zsp2.7_01779_F.fits 01779   24.74   4.0   2.676  150.20668    2.48269     1.8     1.8
      c16_24_zsp2.8_01551_F.fits 01551   24.55   4.0   2.825  150.22244    2.46088     2.5     2.5
      c16_11_zph2.3_12434_F.fits 12434   24.73   1.0   2.128  150.23575    2.16610    -9.0    -9.0
      c16_11_zph2.3_12690_F.fits 12690   24.16   0.0   0.000  150.21985    2.17724    -9.0    -9.0
      c16_11_zph2.4_12707_F.fits 12707   24.12   3.0   2.370  150.20447    2.17102     2.1    -9.0
      c16_11_zph2.4_12732_F.fits 12732   24.73   2.0   2.436  150.18266    2.15479    -9.0    -9.0
      c16_11_zph2.4_12751_F.fits 12751   24.96   2.0   2.170  150.16977    2.14087    -9.0    -9.0
      c16_11_zph2.5_12304_F.fits 12304   24.63   3.0   2.493  150.22772    2.23602     2.1     1.9
      c16_11_zph2.5_12340_F.fits 12340   25.15   2.0   2.430  150.23683    2.22116    -9.0    -9.0
      c16_11_zph2.5_12381_F.fits 12381   24.05   2.0   2.155  150.24112    2.20320    -9.0    -9.0
      c16_11_zph2.5_12634_F.fits 12634   24.19   4.0   2.480  150.18759    2.20976     3.3     3.5
      c16_11_zph2.5_12700_F.fits 12700   23.85   3.0   0.000  150.19737    2.17439    -9.0    -9.0
      c16_11_zph2.6_12552_F.fits 12552   25.21   2.0   3.170  150.21980    2.25306    -9.0    -9.0
      c16_11_zph2.6_12636_F.fits 12636   24.53   1.0   2.183  150.19914    2.21268    -9.0    -9.0
      c16_11_zph2.6_12755_F.fits 12755   24.87   2.0   2.400  150.17375    2.13822    -9.0    -9.0
      c16_11_zph2.9_12562_F.fits 12562   24.57   4.0   2.831  150.16736    2.24386     1.4     1.6
      c16_11_zph2.9_12564_F.fits 12564   24.82   3.0   2.933  150.22583    2.23847    -9.0     2.7
      c16_11_zph2.9_26396_F.fits 26396   21.64  14.0   1.506  150.19977    2.19085    -9.0    -9.0
      c16_11_zph2.9_26408_F.fits 26408   24.81   2.0   2.200  150.17055    2.20794    -9.0    -9.0
      c16_11_zsp2.3_00869_F.fits 00869   24.10   3.0   1.867  150.20770    2.24989    -9.0    -9.0
      c16_11_zsp2.3_00873_F.fits 00873   24.62   3.0   2.367  150.19859    2.24642     2.8    -9.0
      c16_11_zsp2.4_00884_F.fits 00884   24.23   4.0   2.437  150.20885    2.22566     2.7     2.8
      c16_11_zsp2.5_00834_F.fits 00834   25.07   3.0   2.638  150.23257    2.14658     1.6     1.6
      c16_11_zsp2.5_00890_F.fits 00890   24.06   3.0   1.740  150.16846    2.21744    -9.0    -9.0
      c16_11_zsp2.6_00898_F.fits 00898   24.95   4.0   2.627  150.20271    2.20034     2.4     2.2
      c16_11_zsp2.9_01728_F.fits 01728   24.97   2.0   2.850  150.22458    2.14363    -9.0    -9.0
      c16_20_zph2.4_15290_F.fits 15290   24.45   0.0   0.000  150.05946    2.45091    -9.0    -9.0
      c16_20_zph2.4_17955_F.fits 17955   25.20   2.0   2.540  150.03116    2.46887    -9.0    -9.0
      c16_20_zph2.6_15293_F.fits 15293   25.23   0.0   0.000  150.05051    2.44384    -9.0    -9.0
      c16_20_zph2.6_17715_F.fits 17715   24.95   3.0   2.536  150.09602    2.49511     1.3     1.3
      c16_20_zph2.6_26486_F.fits 26486   24.61   3.0   2.550  150.06027    2.38770     1.5     1.5
      c16_20_zph2.8_15319_F.fits 15319   24.18   2.0   2.700  150.05589    2.42358    -9.0    -9.0
      c16_20_zsp2.5_01232_F.fits 01232   24.64  14.0   2.470  150.06406    2.41334     0.8     1.8
      c16_20_zsp2.5_01235_F.fits 01235   22.86  14.0   2.476  150.09154    2.39908     7.1    13.2
      c16_20_zsp2.5_01241_F.fits 01241   23.72   4.0   2.466  150.07576    2.38064     1.7     1.8
      c16_20_zsp2.5_01543_F.fits 01543   24.80   0.0   0.000  150.07571    2.47717    -9.0    -9.0
      c16_20_zsp2.5_15323_F.fits 15323   25.16   2.0   2.552  150.05933    2.42129    -9.0    -9.0
      c16_20_zsp2.7_01233_F.fits 01233   24.20   4.0   2.702  150.08762    2.39438     1.4     1.5
      c16_20_zsp2.9_01582_F.fits 01582   25.02   2.0   2.910  150.03259    2.48227    -9.0    -9.0
      c16_22_zph2.4_15040_F.fits 15040   24.53   4.0   2.510  150.13757    2.44066     1.7     1.8
      c16_22_zph2.5_26338_F.fits 26338   24.87   0.0   0.000  150.12465    2.46155    -9.0    -9.0
      c16_22_zph2.6_15072_F.fits 15072   24.68   0.0   0.000  150.10518    2.41637    -9.0    -9.0
      c16_22_zph2.6_17758_F.fits 17758   24.95   4.0   2.606  150.10231    2.47219     1.5     1.6
      c16_22_zph2.7_15089_F.fits 15089   24.76   2.0   2.810  150.10362    2.39529    -9.0    -9.0
      c16_22_zph2.7_15147_F.fits 15147   24.80   0.0   0.000  150.09435    2.37033    -9.0    -9.0
      c16_22_zph2.9_17750_F.fits 17750   25.30   3.0   2.890  150.10704    2.47944     2.4     1.7
      c16_22_zsp2.5_01222_F.fits 01222   25.02   2.0   2.478  150.10532    2.44534    -9.0    -9.0
      c16_22_zsp2.5_01239_F.fits 01239   23.61   4.0   2.505  150.14885    2.38391     6.1     5.9
      c16_22_zsp2.5_01245_F.fits 01245   24.71   4.0   2.462  150.10152    2.37672     1.2     1.3
      c16_22_zsp2.7_01750_F.fits 01750   24.79   2.0   2.570  150.15880    2.41091    -9.0    -9.0
      c16_18_zph2.4_17949_F.fits 17949   25.07   3.0   2.420  150.01370    2.47198     0.8     0.9
      c16_18_zph2.5_15300_F.fits 15300   24.76   1.0   2.200  150.02028    2.44148    -9.0    -9.0
      c16_18_zph2.6_15288_F.fits 15288   24.72   3.0   2.515  149.95987    2.45353     1.3     1.4
      c16_18_zph2.6_15292_F.fits 15292   25.02   3.0   2.627  149.95877    2.45022     1.2     1.2
      c16_18_zph2.7_17941_F.fits 17941   24.60   4.0   2.752  149.99553    2.47774     1.5     1.7
      c16_18_zph2.8_15376_F.fits 15376   24.96   1.0   2.900  150.00951    2.36970    -9.0    -9.0
      c16_18_zph2.9_15322_F.fits 15322   24.72   4.0   2.924  150.01585    2.42362    -9.0     1.7
      c16_18_zph2.9_17961_F.fits 17961   24.56   1.0   2.150  150.00597    2.46284    -9.0    -9.0
      c16_18_zsp2.4_01589_F.fits 01589   24.41   4.0   2.417  150.01366    2.46674     2.9     3.1
      c16_18_zsp2.5_01298_F.fits 01298   25.06   3.0   2.456  149.97008    2.43493     1.2     1.4
      c16_18_zsp2.9_01316_F.fits 01316   24.89   4.0   2.874  149.98553    2.38921     1.8     1.9
